111
4203
3273
7230
5530
1414
2368
4991
1437
834
3547
651
5994
659
2720
763
7893
1270
4293
3946
111
6204
609
328
3709
1434
1259
7829
5810
2609
5899
7129
335
8014
4670
4530
1542
1492
5028
853
5935
7295
4660
5341
1657
3607
7295
463
5611
4807
4867
753
2959
1327
2097
6163
1349
5414
2886
4393
5375
831
6792
22
5209
2674
3005
2525
6783
2464
7037
3395
4572
5023
5575
6977
1619
1968
382
2818
4930
353
1757
6460
1356
4255
1197
3710
613
443
1098
2207
7931
4348
4082
4707
3525
3018
7648
7681
3527
1849
1299
474
1301
789
7051
3057
3279
7115
2627
5079
557
5027
5896
2576
2116
5086
6631
79
7728
1244
556
2562
3383
7446
4233
3758
6927
4938
2469
5944
7849
6446
6496
8069
6973
2063
1303
941
6099
7599
7904
774
7137
242
5919
1544
7817
3687
2888
2721
2383
3254
681
3195
7370
4277
3143
3501
4667
1368
3776
1055
1378
4620
5416
4014
4987
3269
5817
3467
3526
7583
1071
6788
5327
118
6793
3479
1572
879
6712
3929
5793
7494
2477
7275
4305
7787
7881
3822
324
1743
6921
1317
2858
6073
5927
1146
8101
5225
3244
5485
1059
6819
1104
5613
4631
2539
117
1695
8106
1807
2528
308
4406
6938
5401
4407
530
4045
3929
8089
3478
1710
5901
8048
5088
5749
7532
1831
5709
6331
4465
5394
7213
8170
2631
3462
5920
7202
1276
175
5878
2834
6672
2163
3697
4014
6573
1447
3262
1701
3103
3516
5055
5469
8130
1645
2518
7026
456
1808
2292
2360
1352
3018
1468
7631
180
3558
6990
6422
1888
6110
5640
7011
2367
4144
3138
6005
6414
745
3157
458
4204
6219
5936
6552
7503
3066
7094
1815
1380
6471
3669
7149
1737
4298
6197
3714
944
5186
6105
1959
5486
1601
4601
6682
3510
3144
2952
2418
245
3637
5540
5524
1572
2995
4644
4858
1797
1839
7312
1752
7030
6359
4306
8166
3226
4128
4505
5704
5582
8013
7616
2801
3069
5136
539
2857
5582
2027
5776
2176
876
2321
7915
2033
4684
6928
5542
6688
1130
462
5637
1719
790
6052
4358
322
74
579
3000
3941
2097
1221
996
8010
7310
5720
4399
8106
8024
3280
941
3629
6211
5172
1568
27
7349
1546
2489
3707
7019
7240
7309
2657
47
4072
3185
3809
2629
3656
6019
4511
1484
7061
7483
3286
2061
3164
6338
4297
5664
4861
1022
8001
6028
1289
1357
6637
716
6981
7579
435
7083
6256
5608
7656
918
1620
6213
4538
7922
1721
3713
1378
4542
2723
1831
8130
7858
2958
5797
6742
2449
2364
3655
6619
7501
7632
1302
3287
1407
1917
6191
4274
5877
6846
416
3621
4669
3278
88
1480
7399
4352
2650
4746
2251
3120
8171
5663
5376
2602
3209
1265
2426
1576
5616
3383
1604
6246
7514
5751
593
318
6272
6732
5836
4672
5051
6319
7048
5586
6702
1178
3139
1923
4755
6849
5629
5604
5445
4953
7652
6257
6584
4053
6640
4573
7718
2824
5581
5029
5108
6344
1923
310
5739
908
7962
5924
4479
897
3779
2159
7210
4492
3875
1617
4184
3980
2654
5493
6945
2387
6648
6280
7921
2629
3672
6214
6423
641
5360
4966
2463
7167
4957
5938
4960
6555
3584
4065
96
3117
8112
1255
2269
6031
4929
4728
6260
5098
2004
4588
6768
1821
3043
1261
7264
3231
7044
5132
849
5361
6788
809
1272
1017
3745
2994
2894
325
2249
3334
5898
7874
2626
2544
7793
2208
5287
3065
7006
6556
3869
396
2077
7501
470
5529
6587
256
4347
552
2877
5126
3195
2899
2977
2388
4626
7713
5541
1067
1527
2977
138
1093
1392
2705
6713
3799
390
6743
2929
2572
235
1118
5158
2045
1072
5044
2169
2971
2398
3599
5317
6575
2632
2325
6528
1573
1826
4012
1661
2949
1142
3662
408
6349
5413
1186
97
7962
3892
976
2362
2765
547
4947
209
3680
6462
3063
4141
671
490
1669
2313
2460
4198
6382
1572
1610
5053
2745
8159
6287
8169
7392
4100
6470
2904
2028
6072
7531
4159
7981
1514
3528
4919
5133
4611
2044
3607
4002
5381
1479
2334
2824
580
3169
1284
973
2121
2915
313
5890
807
2705
4637
6830
3131
6343
2114
7655
2467
735
7080
4150
3053
7416
2720
326
1202
6021
5282
5149
2140
1415
5246
481
967
5171
7629
7894
1908
5221
3677
2628
4751
646
4506
892
3321
3476
2477
538
5672
5415
5434
7875
7575
4567
640
6105
7810
2898
1714
300
4987
2523
3449
1749
3610
6991
3786
3525
3004
6350
7313
1439
4816
5226
7504
7943
3337
1466
6507
6938
3101
8137
1796
6259
6648
2144
2393
6247
1397
4988
7753
7633
3185
2225
1387
625
7990
3064
4724
6129
7082
1917
2091
3977
7406
5665
1385
6962
2875
4941
2795
1066
5496
7918
7151
3326
6096
7603
1516
3488
4040
7572
4853
3010
1292
7159
195
6652
3814
536
6867
8174
6200
6440
7126
6756
4119
7167
314
7376
3173
66
6125
6009
1978
3026
2934
5415
1695
2654
7732
1833
7137
1532
3157
392
1013
1869
2373
2054
5958
5762
7117
3538
1784
1644
3875
1978
5042
4850
593
5903
3983
6641
3157
2305
2176
6872
1666
5199
1497
2110
4484
6435
108
3809
6581
4921
6121
7497
6001
3478
6496
980
7818
7192
6738
4488
54
6158
6526
2125
5289
6529
1091
1072
4384
521
5680
6968
5471
1195
564
5127
5569
4180
1167
3285
7887
6610
5398
5229
776
3063
3562
5367
3583
5923
2029
5039
6284
5978
4059
3886
7157
1230
4847
1039
1656
3393
1224
2132
5843
7701
2339
6761
1983
2796
4159
6406
1454
2356
3216
7089
2730
5935
4645
3393
3220
8031
7463
7679
3311
5663
5171
5002
7701
5625
1910
4663
7400
899
7884
7336
4187
1918
605
212
7870
1518
1208
6426
1452
1215
3568
7854
675
4357
218
6710
751
7691
448
7699
2173
7971
5497
2774
2724
6219
3542
1255
7603
2354
6738
5719
8062
774
8091
6624
4870
3895
3347
3237
3984
651
781
2416
6856
7350
1914
7913
6104
7314
6298
5695
4823
6596
5847
4686
4010
3555
4340
400
4675
3130
4660
7523
7243
1195
4702
5452
1955
3109
5882
4168
3796
3400
5590
7133
2943
6979
1884
2300
327
3736
3737
6492
362
2289
624
2785
2921
7903
2951
1556
6850
4779
4957
7034
7402
924
6126
7084
1856
1246
898
1634
4097
5299
4171
7369
6626
96
4888
8007
7815
7831
1958
6725
991
5824
7240
698
2895
7974
6944
6562
972
2561
3638
5482
2651
5680
2912
1448
1063
1078
31
5488
7215
7352
1688
7328
772
4099
6156
6672
2944
3366
6612
7914
7078
7335
1351
7268
2057
6867
1366
5429
2883
1784
7220
5678
5706
2165
3538
7907
2904
7226
6074
3077
6569
6951
6994
6065
7764
5267
1011
5365
7458
4826
1694
1795
3746
6227
7781
925
3757
6468
7951
5038
1095
1557
2442
7076
523
7528
5304
1151
6858
8019
3048
6751
424
5139
3533
2079
1828
7608
5798
2663
5865
5320
589
5735
1266
7452
7148
8119
1810
1729
1517
6549
2626
7360
4850
5338
1709
2754
3664
3911
2756
7696
1601
4518
6968
1228
665
5998
7498
6091
4095
2256
2439
7086
6520
4865
485
4641
6364
5028
1848
5321
7124
1140
4902
2822
1951
516
3639
8050
3122
6509
6748
6542
4564
6338
2869
3453
5657
8108
3301
3043
2509
4432
2733
7598
1192
1639
2046
3324
6778
7072
992
254
5272
4563
4283
7668
8009
1544
3583
1195
1030
4085
3856
6778
3263
1749
2415
2401
2372
3141
3394
6277
3581
4129
5618
2746
6679
4877
6183
6426
5100
6265
3638
4782
1477
3546
4372
4764
5213
6581
4639
2458
5716
8120
6021
7359
486
4948
2789
1445
6263
2665
1761
4854
6353
7831
1758
2959
3478
3353
7159
7093
6663
6264
3750
7938
2186
6536
3622
2479
4684
4237
2580
2488
2935
3593
355
8136
6854
3008
4393
1759
3188
6433
4249
293
5952
7876
7180
862
3727
1757
2851
1125
5936
3567
3273
965
7620
6293
7289
7105
2037
7997
1647
7615
5805
3324
4687
2925
6511
7937
3808
3370
5502
2291
5081
7232
4472
180
4987
1038
5154
231
7178
6750
3942
857
5239
2259
1062
5871
2303
7716
3640
5037
6065
1850
3916
6985
5129
6513
2712
3676
4449
1763
141
6970
2064
3039
4470
338
4079
1310
1904
3515
3933
5699
1127
7468
2038
6175
4231
5588
5639
2154
4769
3757
7748
1724
4117
8147
938
5045
8150
5136
8053
516
5806
4360
5426
2517
5576
4842
6011
3368
7156
6435
1775
6303
2547
6461
3915
7269
6216
4243
1871
2691
5689
3913
7058
3249
3233
4298
5115
5876
499
3980
7482
3100
5755
6589
3416
7839
109
8008
6957
7686
1548
810
6051
3323
6714
7117
5290
5746
7650
2276
3388
892
4209
8125
5179
5330
3323
5751
4855
2612
2913
1867
1311
4333
6067
4397
3463
1651
4558
4984
6097
5012
8090
7853
1650
2455
6745
6703
7689
6413
3979
2797
7982
2273
1587
5123
4978
7223
8011
6554
612
6852
6868
4172
1544
1960
2299
7540
5524
3823
8161
1325
8156
1301
2755
914
157
7104
7944
4882
5065
7045
2057
6361
5360
3767
1296
2562
8050
524
4012
3443
5008
3308
3575
2857
5773
7880
6065
7261
1833
7531
6500
444
7797
6451
724
1180
7927
4296
346
1131
1168
4830
403
3606
3923
33
4749
7013
3862
739
5662
1383
5677
4398
5187
1748
3418
5768
4584
4210
7143
3554
1342
5823
922
7333
2885
6370
1104
2971
5033
3841
5679
407
2784
2614
8154
6299
8081
4361
4244
7849
2712
1605
2638
3631
2546
6384
3757
6663
4742
7592
684
6795
3579
1113
2413
2929
3287
2275
1797
5883
1689
6031
5052
3609
3666
4968
8086
3548
4085
2062
4433
6456
3898
808
1412
3905
2841
7110
7932
1790
1915
1457
5111
7164
2412
2325
664
7376
4317
3901
5543
1104
3644
5524
2235
4035
6973
151
1302
6739
1584
6281
5854
1416
158
5637
6933
1926
3806
483
2735
5146
539
5090
3436
4612
3171
5990
472
434
2712
7424
1741
1833
5982
8121
6514
659
340
6952
2428
6217
808
3541
6414
2950
7246
964
5985
6585
6858
3920
4869
1531
409
2246
1144
1301
6805
1227
2721
1502
7867
4514
1019
7497
7399
1499
2136
4463
3634
2135
3250
7580
2591
133
3372
6278
3409
7186
7766
5270
7749
2154
4113
717
1955
5448
23
4180
658
656
6894
952
6417
5786
8115
4966
3427
2230
6309
1816
7428
2609
2237
2083
6335
500
4696
2647
3810
1211
7441
5089
1576
1626
6109
5252
1817
5505
2485
1096
5612
4138
7713
6820
57
3727
1693
5756
4264
7977
7682
5550
2134
2102
1074
2730
844
2422
3835
1266
5439
183
7835
5646
6263
308
6824
2488
7402
6951
1333
4651
3437
5955
6416
6153
6029
2098
7126
453
7577
6440
2396
1244
3575
3990
5067
2708
1264
4908
3938
724
3231
716
5056
5763
2098
8104
1093
1309
780
6040
20
4054
2426
334
7981
757
7972
1200
4187
6482
4116
4154
721
5801
5387
6920
6938
7703
5162
115
5492
4076
7744
7123
7696
7304
4434
7269
4769
2979
3480
5512
1966
1108
7824
5844
204
6749
495
455
1429
322
3824
5549
194
4828
1584
4687
7260
6941
2908
2549
2446
7983
2970
5279
3578
3784
3288
4359
4445
301
517
4686
5793
3344
7648
6222
654
5637
515
6016
2824
405
4648
3673
3073
2315
1481
4436
1907
1731
5497
4954
7286
2768
4020
897
1032
7034
3337
5820
2707
1008
6269
1746
2387
2978
2579
169
3558
6656
4855
6526
1819
1705
6431
3083
292
6471
106
1761
6130
5497
3796
4252
2679
3851
5780
3438
1339
1318
4545
3186
7344
5738
5983
4123
2454
3135
2082
358
2757
3283
4707
3063
6920
3663
265
5260
7925
4964
6497
6914
4697
3009
2573
3317
3993
3999
6867
706
4743
1042
1260
4794
1405
2050
6356
1913
361
5325
7255
2141
4703
59
3723
7241
4581
4480
2926
1616
4608
7400
2912
3329
4194
3980
2337
882
7415
6112
6475
1962
4976
3140
3865
3386
4664
3134
2699
6742
1249
3212
878
7965
2837
7310
2841
3374
2771
6841
1234
2744
3398
3476
2890
6403
3196
6717
6806
6437
7994
1384
2801
6178
967
2091
5170
6604
1238
4261
6034
4512
811
3175
6092
5102
7549
7871
5124
1683
3658
6382
7036
1538
11
4752
7447
5443
7258
6982
2764
2291
1584
3434
5309
6051
5253
6117
2131
3377
7784
305
3153
6361
3759
2022
4837
7280
4747
6401
3727
6410
7809
7969
5721
5325
6344
2099
2790
5877
2733
7014
6505
4361
7555
3242
7623
7265
4038
1322
3263
1393
7826
2933
1190
5316
3159
7866
6838
480
2775
1547
6255
1251
4867
159
7174
1860
1336
6774
3618
3772
8176
4237
745
4586
1683
4618
7024
1589
4073
7118
1269
462
2100
4176
5148
6574
6641
1773
2916
1782
7943
7929
1288
5344
3920
6609
6645
2537
8079
7158
6861
3279
2659
4692
3656
3877
879
5059
955
4381
6599
5869
5099
4195
6951
5194
6215
4451
7092
8116
3322
5992
6487
979
2263
7305
1203
5557
7091
3069
6338
936
7405
7341
5408
7972
3801
416
746
7988
5564
4969
2583
4782
4446
345
4890
7827
1344
179
229
7385
1352
4362
6209
1708
749
2593
3882
8183
589
4998
4093
283
6162
2182
7751
496
2601
2957
7639
4950
2089
6007
1504
4783
1869
4032
7066
5786
7227
7334
3994
6863
5602
5777
2630
2410
5267
7232
7538
5031
3032
3840
1840
5997
6403
5163
7261
2198
4632
7676
5471
5585
3601
290
7711
3336
1933
4110
2344
4171
7238
8004
1951
2912
5691
7155
4820
7716
5902
2817
5171
5775
6935
5278
1220
3791
2442
8119
695
6878
766
9
632
4783
425
3774
5757
2548
2434
5168
1924
5863
7453
3078
3194
2810
6631
7272
2129
6697
8067
5341
7246
4397
3905
7992
4707
3250
5721
453
5396
537
5634
1968
1666
5805
1346
1475
7981
2073
8174
5450
3332
1667
1069
5089
1680
3745
4855
2573
6979
2979
242
7964
3146
4936
7144
6355
2290
660
5912
2384
6735
4449
6015
5183
3321
5169
2649
6930
4586
5486
5874
4877
795
1057
934
2293
2920
6781
120
1826
5781
472
7266
6640
7388
5417
4348
713
6553
876
2193
5935
7733
7801
4507
6754
3667
730
3785
1752
530
3265
2588
6320
5109
1132
5049
4569
7439
4363
6418
6383
2308
6159
3865
6180
6294
1392
758
2967
1017
4015
2292
7988
4725
6986
6896
4571
1014
2489
34
5140
4063
2019
671
6029
3386
4372
5620
3208
4255
2791
452
1090
1956
4883
3849
2675
5814
5005
796
576
2423
2052
1608
232
7867
2
6489
5327
7501
1053
5395
7101
3785
5737
3499
1876
2028
7366
4791
4335
3040
1859
197
915
6536
343
1351
3713
4364
1750
6117
5976
3507
5768
3825
2023
4062
5591
2280
184
1542
4362
3332
7047
3840
2330
6884
7146
1384
5579
212
796
2573
1264
7295
1732
7309
3511
5815
363
1293
4674
1413
7090
5138
7871
5210
993
5687
4707
5865
2296
3430
7503
1476
6214
6661
496
4851
222
4489
1859
1862
1286
6075
5135
5810
3201
4928
5341
2761
1537
4088
5307
5771
3235
2672
1050
4036
2100
789
5027
284
2822
7877
6194
5980
7161
4715
6338
5699
2694
6626
6397
2315
6144
5593
4196
5037
1347
3047
3396
92
3734
5673
5654
5297
7662
4339
5926
6443
809
5457
3225
2297
5190
6944
716
1537
8040
1714
1164
5075
3254
2598
7669
2847
7619
5079
5181
7599
4083
4264
4572
193
6778
1410
4271
442
4430
3832
6484
81
7380
1284
4745
2853
2419
985
2549
6698
3951
1856
6486
2094
1817
7585
367
1177
2332
4330
5131
5223
37
4308
8011
221
5902
759
6043
124
2973
1317
1898
6125
3472
7768
6873
2815
8118
1674
6873
3771
7648
3969
2744
5246
5931
5597
689
2270
3643
5231
4745
6285
7680
4940
5075
108
5240
4923
2434
7686
6048
3223
6790
751
7194
7039
6543
586
5971
6654
559
1374
3594
4643
776
7624
8148
1634
3937
7172
667
3441
7570
933
4028
525
466
5984
7671
3724
21
2790
1645
4919
4050
5102
4947
3524
4210
1282
2045
7243
1544
4337
3292
6256
7962
1086
5788
1427
3195
327
7319
2380
905
7132
7363
7892
1257
361
1500
4000
3112
5265
7544
1317
1735
3761
8087
1477
7882
2373
3783
522
2629
1563
1198
1229
7850
693
1675
4785
7667
5027
656
4465
4463
5126
6772
4329
2493
6033
5407
3504
3683
3811
569
4937
1567
7130
960
2753
444
867
3508
1708
4006
508
7330
2130
6503
1600
6301
250
7403
6290
6590
76
2447
1978
4739
7175
6233
2051
3727
4518
7330
7631
4984
1801
5980
7854
5570
4369
5452
1548
3304
3576
7557
5889
5036
7052
2196
3551
4574
6124
3216
7393
1182
7493
718
919
4857
4197
4405
7146
5549
5734
995
3867
51
4882
2293
7428
4837
8119
1531
5793
3452
1692
1567
4054
1848
2644
5460
602
5922
6304
7574
2992
252
4074
153
2456
6105
986
3287
7030
2336
1087
5860
5199
3113
4426
1826
2377
7076
5401
775
1436
7659
7661
5522
6263
5483
720
7053
5689
1630
6224
4178
3975
5540
6700
4982
412
7773
1066
3604
8190
199
6003
6489
3254
4614
7652
6980
7856
1838
6864
329
6948
40
5306
7015
7522
2828
6026
4468
7637
5541
8179
1398
3476
8107
2504
4658
1534
4572
4719
5881
1085
8050
485
6081
3974
4903
8077
501
8056
7805
6301
7862
1979
4428
1348
7884
4334
3339
1200
945
3985
1978
254
3437
2820
3937
4298
7088
7255
581
6042
4169
701
2103
6117
7135
1574
1285
3260
1967
1370
3863
5761
5757
2311
743
2651
3427
1717
3487
2161
5671
7217
1616
3912
1620
3196
1243
5427
4444
2650
5190
549
5025
4690
1892
6174
3535
1683
3139
7717
7193
5135
1386
7660
5574
4806
5620
6035
5302
5422
7444
7797
6493
3919
4577
4100
6295
8117
7199
1976
6708
5841
6923
7378
2111
4289
7959
7839
4547
7657
5456
7748
3059
7679
7884
2581
276
3035
1895
4761
5710
3419
1576
3709
1152
2034
5924
3559
556
7990
6391
4526
7804
1730
2974
3740
609
2941
1909
4872
4690
6919
6836
1558
4512
2822
786
5996
6720
3959
7778
7602
1632
6301
1560
7710
1043
6467
6701
612
110
46
599
2567
3083
1698
6634
5046
5450
5775
4729
475
1910
2391
2298
5854
3154
4450
5590
559
5914
625
3074
847
1318
3235
4159
5534
3372
868
1824
1039
2201
6765
7537
378
4923
4032
3933
8125
2021
406
879
4319
2592
2993
4150
287
3540
4286
3915
1057
6315
3243
3284
4807
717
1411
3422
2029
1380
5223
6285
2589
7907
6785
6237
5576
3193
6584
2855
6391
7178
6887
2569
7863
1137
1894
4915
2216
3831
8025
3266
344
4879
1702
7140
7726
7695
5604
1667
3527
3930
356
874
5378
7225
3564
5225
7196
5748
2072
7194
7364
6238
4307
4368
7557
3727
3938
1080
5571
6813
6480
2241
5176
5625
2860
1901
2380
3422
7511
2955
1002
3033
1966
6314
3124
4764
6532
5
4759
7401
1054
1074
7453
1240
262
4286
6332
2079
8054
8051
905
8034
526
2758
2178
1489
7460
5936
6586
703
5318
1351
7288
8100
1578
3192
266
25
2536
4179
2281
6168
4754
5550
1861
2532
1547
5295
5641
7768
6072
4865
6991
6123
1999
7841
5516
5488
4473
5215
6165
6711
262
838
4974
3544
7879
4879
1722
101
3613
2639
4128
5327
5576
6616
909
552
4847
1402
356
3777
2067
1178
3384
6606
6478
879
1939
4228
3374
816
4698
738
7050
5428
5701
5879
4112
821
3967
3354
3144
2978
391
5401
3006
4448
7737
3812
3329
1508
5172
5760
7139
1240
5603
6942
7569
574
2097
1677
1932
7695
3931
4775
311
8163
3755
3214
5862
3667
7892
7313
136
778
3243
6547
6232
7779
2448
7926
5046
5047
1955
7770
5571
33
319
7831
7630
7234
5614
1658
107
626
859
5255
5971
7666
96
2427
2135
7725
214
3932
5615
2157
7293
849
3008
2056
2303
6273
1707
7221
520
4931
2928
7471
6776
5739
4474
187
6904
6894
6821
8004
5570
403
5786
7180
2610
7895
5007
2111
5828
7267
2462
1152
925
7801
5349
1989
5473
5420
6598
5167
3953
7063
4556
6460
6409
3495
7281
6762
4854
5913
2725
5371
2042
5250
3181
212
6684
1402
7156
1714
2210
2977
2047
6169
8118
1384
4119
4157
2667
261
1914
952
5458
6390
2317
4553
6892
2119
3905
1204
4091
1085
2321
5959
3426
2013
552
4198
1149
1061
7001
1783
3059
3962
5151
4890
1032
3209
454
7617
3374
3081
4392
5502
4432
1716
6393
3077
7145
2522
6548
6235
3740
8136
6556
102
1132
3801
6802
7037
3707
6728
7252
7683
4000
3259
2343
2816
6922
1726
3426
119
7111
7745
7586
6589
4907
1270
3414
2526
6664
4816
7866
8161
2339
6677
5617
1554
208
6343
5489
2618
7031
8042
7352
4644
7411
307
1528
270
3885
4726
6232
4115
5666
7820
1484
3283
465
102
615
7330
5920
1126
7252
894
6628
1487
3268
20
5863
3881
2362
4744
3506
1838
2087
2682
7613
6384
4837
2075
2757
8020
2350
6461
4067
7162
8033
4471
7043
1675
4506
1356
1926
6961
4892
7365
7345
2026
1280
4211
6179
7780
739
2591
2562
6653
6857
5142
6031
535
4493
6656
7944
7303
4806
5267
7024
2520
5586
3728
293
5826
3657
4718
7651
4167
468
472
8044
6215
5396
7499
4263
6418
7130
1071
3763
4685
7205
3245
3103
3939
1748
3237
564
8114
7097
5959
7703
7757
330
165
7336
8147
675
2999
1052
4364
587
6223
4546
753
7778
3127
5631
1528
5648
2719
3457
3718
531
756
3786
6462
3839
5807
5333
5247
4564
3428
7511
928
3024
3832
4761
6696
7346
6944
4457
7584
6282
8111
1015
6654
7372
3944
5880
2201
3633
758
6324
1931
3032
7321
7982
3452
3055
5067
7718
1231
6586
3500
5451
3099
5257
5174
3789
3750
7040
948
3458
7653
1053
905
1246
2059
6757
5201
7323
5221
5110
3808
4958
7136
1365
4572
6384
7610
7543
6300
3993
2437
2721
5913
2093
6284
283
2770
7210
6693
3165
5623
4335
7468
896
1335
3824
4960
5947
1021
3135
6803
6289
6226
5303
8054
612
3786
2202
7250
5083
1611
8057
5113
1582
2051
5892
366
3375
3317
6038
7556
2120
4594
4731
7299
6567
3386
5243
425
5451
1279
6858
656
841
6479
3734
9
585
2579
5528
6142
3177
3504
2732
9
7285
7899
4966
4772
2065
6166
3587
2659
371
1755
4545
2973
1445
5173
6906
3165
6281
3842
256
7441
7203
3919
1810
3633
2894
388
4449
1551
2098
4643
3486
7873
3096
5266
6758
2531
4214
1071
5531
7288
4330
96
3806
6239
7295
5008
5510
5558
2836
8186
259
458
7355
2627
5436
6914
3698
3109
7086
2888
3299
7142
1086
2482
3717
149
2202
1971
7772
7824
4620
3977
5207
4493
8001
1290
5389
3500
3695
3669
5503
758
3302
1983
5937
1850
4345
6744
837
4586
3039
4955
8131
2614
294
3804
82
5746
5953
786
2829
6234
5107
512
3053
3415
3995
5385
5641
7626
4076
7038
6979
6292
7785
2105
833
1704
1539
6588
3036
6420
3963
1795
2764
5363
3040
1345
5567
3352
4751
4022
1855
6285
877
5160
2154
7366
752
87
5691
8065
7151
3579
2893
4365
4045
7253
367
3656
6658
7148
4329
6436
3533
4290
7140
3572
5702
6672
2894
8120
6421
1778
3932
449
1469
5114
6462
703
7878
7567
7869
7646
799
6551
5290
2025
1490
1342
1119
1702
5577
2304
1517
891
171
56
3638
4589
6413
1658
651
6215
5188
827
3549
7037
3611
1441
2771
7529
5238
4758
8045
6692
2789
7490
3926
4433
6856
3835
4162
1087
433
821
1428
4491
4686
7200
3505
6402
1889
7708
6881
5021
6685
7752
7121
3879
2466
6279
1267
5434
6045
7143
1391
6690
4772
3018
2348
2303
6864
7649
109
3147
1305
4179
5671
2233
4186
4845
1182
5874
2481
1551
5789
3898
2034
469
3965
2209
5723
6416
6476
2465
4522
6778
991
3640
2061
1345
1780
4817
299
5805
775
1309
6398
1970
1570
974
1014
6659
860
6884
3982
1180
7179
4261
1621
6920
2337
2676
5479
3828
4633
2892
657
6229
7830
7921
6803
4344
2445
7414
1722
4402
6879
559
7608
5347
4335
4630
7957
2964
4664
7893
2226
6532
692
5740
1562
118
3543
1455
2125
6192
4325
5139
7833
5045
1814
4670
7681
2079
1857
5060
4496
1453
5981
7105
987
7929
7095
7193
3793
4888
7532
5795
5410
3829
7357
712
1667
6850
152
1368
2409
4259
3445
3201
6478
215
7061
6231
3112
260
2352
5928
5553
1209
4753
545
6188
1131
6747
7665
746
6254
2870
3774
7286
4888
3174
4061
5257
8164
2394
7550
3956
5699
1228
3837
3471
4710
6182
4151
5565
2805
7393
437
5859
2530
1387
7313
706
7076
3210
1859
6764
6545
3088
2674
7224
2621
5541
7580
4928
4360
6746
3574
3121
6644
2130
6293
4803
6279
2564
5049
4675
2747
2539
4439
7083
6359
521
971
2370
2079
758
4318
1385
760
5391
4569
7533
2479
7144
2368
7523
2839
884
2216
5692
3327
7448
5987
3873
1664
5372
6995
7976
1981
7112
422
356
5442
1067
2085
1079
5176
7338
6127
3038
5773
5212
8031
311
2848
7153
7800
4092
6613
943
2955
3571
6954
6980
1693
5928
3847
6903
2424
7668
6588
4034
2004
377
1331
1988
4954
6038
8078
3206
3802
2479
4429
4042
7419
5273
2233
4566
4638
3626
7592
2265
7735
3460
367
7569
2103
2606
1838
5541
3474
414
1845
5889
62
6072
3645
5550
5613
7763
4621
5834
5047
4044
8063
7576
242
7004
4553
6940
5793
3595
5112
3404
793
5146
4437
4342
3121
7180
8169
4678
3743
6914
1119
7354
7587
6608
7457
5755
4139
6432
913
5849
7273
6766
3986
1859
6731
531
2071
1273
6656
7877
4661
974
3148
7206
4323
5234
5503
7153
1601
8086
3441
5236
713
123
2540
4071
2084
7015
1752
4171
2100
7428
2134
3192
5017
1671
7384
1856
5581
5809
7535
6059
888
406
1034
3279
1850
6380
3216
2131
6678
7637
3720
3188
413
5275
2216
7762
7174
3436
4973
6326
4398
5257
1986
8182
352
3188
7400
2968
3081
2067
5783
137
6345
5740
6341
5756
1487
4411
3964
0
2964
243
7058
8068
3707
4298
2834
4204
910
4722
0
3063
4706
421
2250
7104
304
684
2701
6501
6670
5144
2678
779
7168
750
7386
2690
7740
590
4042
73
3894
5338
3204
4377
1787
2234
1484
5267
6598
6307
7883
917
7298
1992
6649
7737
6949
5820
7315
4877
3345
6050
4580
5442
5448
7407
2535
7661
5308
880
3545
90
6262
5081
2142
946
2762
5876
6186
6457
5828
6108
3405
1887
7127
2034
4741
3375
4905
8086
6915
6325
2216
3162
6063
3410
4932
4602
6081
1905
8000
7856
489
6562
2839
7979
3459
4109
3693
3008
5414
6947
1832
6464
4885
7917
2985
1827
4132
6873
915
3370
6487
5383
2012
4012
96
3639
1490
6134
5894
2161
296
357
712
3435
4880
2469
4535
2935
7835
4152
7665
5310
7718
5354
3105
5690
3652
3316
6795
4094
1629
4644
4166
276
5845
1514
2972
7597
7019
7144
8024
4400
5017
3288
6679
6021
4888
1151
2493
3396
1089
3443
7716
7831
4671
5568
3816
1380
6564
2637
7299
2859
7427
6082
1840
3928
5420
2437
7972
4920
4396
7891
300
4122
2676
5895
5684
7703
6607
7740
2197
868
6432
2005
6544
4340
5267
4964
7677
2945
2231
6204
675
1311
1792
3025
7467
3552
4312
5743
2935
4175
1398
4283
2884
7218
1518
2955
2502
3732
3470
953
1625
1556
7434
7805
7089
5774
4819
4678
5461
3234
326
7912
4010
2625
5858
6342
435
3982
2494
408
6673
4512
7470
6603
5057
2717
200
7329
2275
6082
7884
4947
7864
6834
7107
7890
6334
102
5078
6617
812
749
7806
5291
5752
6471
5646
6137
3315
3198
3554
3210
5458
2430
2982
400
5339
8015
2853
5197
5083
4340
4397
4658
5910
5558
4992
7220
4189
2749
7880
4321
7306
4823
4117
1353
2471
5874
1812
3583
1974
2438
7732
1325
6648
4962
3360
1124
3380
2264
511
5541
8097
7764
2864
5046
7240
3009
3080
7111
496
818
7429
4075
7528
4740
7700
4415
4292
1777
5807
290
4852
5856
3070
415
581
4250
1003
1769
5070
5967
4933
7730
3028
597
7282
766
2034
470
3696
1124
648
8180
1670
6615
1144
5186
313
5444
4907
6625
2910
6657
7931
5610
7928
2101
6848
7694
2092
6061
4002
7773
7819
6008
5735
3141
2722
7827
7554
3239
3452
678
1144
6171
2292
2707
6789
1058
4
2518
2171
107
927
7749
578
5644
5108
5019
4244
4902
6721
3823
721
4718
612
2206
7405
5114
5382
5684
3794
3860
3742
4374
134
3365
6496
3048
5501
2235
93
2804
7860
4999
4815
5499
8147
6334
1068
782
2450
6616
1986
7296
6527
4343
1629
6194
7040
4772
7852
6847
6239
1972
919
5246
4279
5512
146
109
1813
5887
7639
6134
1517
474
3227
2067
3415
3240
1334
1727
5590
4044
4900
5059
3137
1000
4494
3602
6477
2239
3885
4154
1324
7570
1203
7253
3273
6255
4606
5275
1804
2363
5277
7039
4528
4665
3879
2165
2248
4074
4492
6221
2816
164
3583
1489
1596
4148
7635
1390
4793
287
6689
4606
2618
7164
7082
5963
6205
2705
7512
1532
2325
2357
4342
2968
8177
2886
7105
5697
3513
2429
2499
3942
6430
2409
5615
6589
7887
8064
6055
7922
4396
293
7462
6405
2475
3449
3870
3066
4619
7207
2758
4227
3669
7523
4973
4578
5545
4145
3647
2977
6727
2492
7766
644
2345
5388
1047
4850
5874
5357
6808
780
127
5642
1163
5198
3450
1501
7871
1461
5620
2054
4529
4599
656
2381
6551
3054
270
668
765
1229
5028
514
4629
974
5413
533
8006
5562
2596
7429
6749
1104
4603
3926
1691
876
2523
2943
3
1395
8050
5082
6719
5002
5353
4356
7036
5046
4460
6550
7026
4509
6726
884
1334
2575
2533
359
187
6620
775
2250
2192
4606
7438
5737
1419
812
5945
3978
2954
1760
7753
4471
6494
2442
7243
4034
3487
46
5281
7614
4466
328
7602
5347
6403
5598
620
7721
7043
7010
911
990
1798
2733
3468
4913
2050
7269
5072
1395
2845
2442
3258
4443
6013
6453
5995
4518
6050
3580
2610
6788
2307
6204
8171
4046
7210
724
3308
7889
5763
6520
4314
5586
5826
7947
3993
3573
6215
1245
7405
2447
6218
3631
5970
5692
4575
5286
6252
142
3985
82
7175
5253
4319
27
6273
5257
4012
5361
2411
3911
2326
4976
4774
7824
5009
5321
2359
7757
6667
598
4043
1732
7081
6189
1630
6600
1675
7406
3116
5140
2502
2529
3269
5394
391
466
1849
1411
5229
4628
4607
1076
2645
5092
5733
7658
3132
6556
4460
5928
1745
8118
528
2911
7350
782
6392
4730
6880
6722
3360
5292
3442
3564
3011
6858
2823
6612
1630
6564
4449
6045
7349
1892
757
6649
1523
5701
1893
5735
5385
5
258
1109
487
7431
4688
7224
445
2707
3276
6734
4575
479
7621
2439
7850
8030
331
5750
3247
5592
605
7211
1806
7505
4558
4287
490
6756
1276
4736
6426
2880
3470
7524
3525
7124
991
4281
5404
6194
7835
1192
1860
2982
1969
5347
4264
623
5917
4201
3819
7599
8071
3450
6945
5069
4861
1206
3994
5719
3155
5909
2791
6529
1085
2424
5054
1152
2827
7993
6470
1675
3434
5473
1592
3817
1113
3278
5963
2449
6079
3408
4347
2851
3427
6750
7775
2502
6568
1902
2715
900
5850
693
3491
6733
1691
5685
2182
446
1567
7685
1987
66
576
3513
5392
1306
16
5185
7422
1385
3879
7297
5830
7548
1413
6376
6641
51
3167
4427
2562
6101
1907
7412
5556
6583
3456
23
1551
7340
2827
1342
4253
2785
3515
2801
1176
5870
5637
7709
283
3051
4314
7644
1177
3924
2013
6303
3260
1047
5155
4454
2365
6
7789
6707
411
2866
7485
1118
452
7272
2813
3367
3898
881
7780
4922
6329
575
4235
3834
7597
6082
3432
705
7989
954
1194
4318
5885
431
3590
7055
1149
5390
6679
8066
127
381
4198
5397
2666
1221
5798
4246
196
3122
422
2252
3255
774
7675
1830
705
7367
1669
6451
7038
6777
3845
6999
3987
4277
3951
1137
6357
7340
5112
5806
5716
949
2368
8003
7577
1055
4885
894
3138
7028
8031
4886
798
3957
2625
1203
5989
425
4553
4364
3528
7036
2067
2731
4823
2509
3326
7123
6124
1301
2729
607
3495
3976
6602
4908
1241
79
3897
3487
3139
7055
19
3599
4420
5942
3329
3506
4158
3750
6660
2904
2243
2382
4821
3373
6948
5385
5135
5370
8017
3007
2122
612
1796
6272
4711
7875
2660
4797
2560
6487
2612
3067
3518
4011
5743
5574
7261
4746
3011
369
3904
977
7177
2755
150
3008
4853
402
1758
3372
879
8013
5531
6167
5635
5241
1836
2607
5504
922
6420
1675
6990
4998
8010
4971
3737
2033
5213
6248
1045
5683
5465
1144
585
7100
1528
5328
4263
5750
2887
82
7720
3228
2479
6883
7151
1324
7116
1658
7805
5166
62
4538
3883
5042
7842
7184
4309
5231
762
7135
1660
5539
313
4944
3866
5383
2216
889
3034
3206
7215
7099
4357
1775
1609
3307
4109
3812
1566
7767
2640
2128
2401
7976
8179
3367
6498
7021
2391
6050
2238
7060
120
6225
5297
2616
3170
7016
5544
4797
7283
360
3457
7931
2829
6970
4305
8143
1420
3146
5967
6415
7635
7930
3356
6702
5167
1360
3118
4187
7958
620
7696
6941
4739
3837
2299
2276
5991
1466
4165
3302
4924
5049
4821
6898
570
7825
6119
6549
7942
3928
7079
8072
6308
2554
7177
6313
570
7439
6308
2761
5398
7220
3357
3567
6246
31
6091
4346
3450
2615
2462
1798
7207
6232
6323
7915
4238
1970
5539
2476
8112
8040
250
4981
1949
5323
6301
4740
1365
2202
5614
1518
5957
6140
4185
6781
5939
2688
4884
7242
6214
726
4315
6289
6701
6349
116
991
1225
945
7779
7700
2592
1126
5039
2203
7923
2694
4515
7532
5203
6254
3063
2206
778
3229
1453
1384
222
7423
7005
7464
2494
6359
3061
7965
3282
2772
3786
1496
5823
5575
3145
2213
7350
3869
620
4156
3064
2808
3425
7323
2543
877
2365
7098
7010
41
1594
5334
7542
4979
1214
6376
6054
1890
2349
7748
3908
4352
7389
7027
3915
4666
5968
1139
7079
3754
6243
1700
3698
7892
5460
5318
3771
528
837
1729
6315
5728
4800
7147
2559
2211
6783
3192
1733
1354
6420
2971
284
5256
7188
7041
5093
1134
2561
2902
6309
780
7740
4816
2458
6922
4751
5165
5297
2758
4527
648
1030
4691
1192
7773
7404
3440
4426
2840
5552
1528
319
5847
2242
2095
7282
203
1497
4111
718
2959
2088
7380
4512
2107
7355
826
2748
7880
5222
8038
5093
4613
3678
6938
5036
7211
53
5391
6162
1847
5943
360
6036
7686
8043
1096
1440
7154
1306
7513
4615
3472
5208
6642
871
6855
4975
6983
3514
3732
7128
7114
4470
4422
4875
5046
23
5490
4372
1642
6021
5483
3187
4945
5692
7666
5821
3042
4749
885
1720
142
1138
6626
7575
4013
3164
5318
7547
6157
989
6150
7908
5514
1281
2688
5660
5640
4535
5734
5468
676
4138
6543
3701
363
6190
3739
2063
2833
8112
4559
3830
3193
2690
3880
6312
4521
2227
7974
7756
7990
3276
658
6483
7374
463
327
3636
242
7003
7014
5748
4276
1823
3575
6030
6349
3680
7129
7496
7764
7149
444
7935
32
3118
6217
6778
1569
2570
3004
1044
1579
7938
1377
4750
3661
1024
983
2586
2448
4863
7475
4590
7721
4465
5329
7234
4727
7577
2583
869
4891
3097
6298
1592
8075
6504
4789
402
5937
4123
4523
5772
43
6123
6169
4843
1630
7013
4753
468
8084
3730
5444
4034
1290
3609
923
979
3829
5341
5939
5784
4471
4379
3820
1853
1975
1846
5324
3345
4425
6148
3059
3401
2942
3239
1999
6822
1337
237
3459
883
5318
5470
2627
3622
1746
7829
6333
4204
6434
3197
1915
6150
7897
176
1788
110
3485
2409
1122
4449
7866
4660
2580
7617
3532
2917
21
2667
5190
1725
6178
2933
6044
5646
5273
4873
3224
3623
2887
1777
12
7623
3791
7470
2561
207
413
2088
6240
6383
3431
6780
4205
3829
738
4323
3979
7524
6180
3466
7325
4831
794
6349
4344
4439
2862
4906
7239
6060
1222
1646
6138
850
1497
2279
4099
5550
271
3226
1689
5844
2222
3029
939
4503
6502
4183
1691
6548
5169
5576
7834
5275
3132
3204
5382
2365
2106
7892
4868
6682
5446
7967
4751
4597
7025
7681
2673
4704
2556
1852
3779
7119
722
3555
5396
6717
1006
7002
8180
6097
2774
6353
6805
1122
1174
1282
5941
1275
5692
1076
5291
2972
4449
6433
7694
6734
4632
7047
5793
7197
4770
5088
2762
1154
4923
6474
4265
5703
1334
4925
6270
5319
7842
8008
6845
7786
3237
1267
4437
6540
5391
5973
116
6985
2693
6846
7105
756
6551
4769
1560
4132
4110
7018
7857
2634
4936
4001
3844
1885
1969
3968
5379
5743
7112
5498
3599
2012
5793
5578
3539
1744
1829
4024
6826
4485
4421
7772
7544
2888
5309
1556
2064
7228
4484
551
2661
6333
1425
4576
4000
4379
2803
2448
2373
301
2540
3500
1132
3753
7928
5608
1301
6486
5849
2957
7063
7928
4571
2056
6707
1763
6976
868
7201
6619
6652
2493
5798
4026
7503
1127
80
7516
4926
4132
7729
3474
531
1041
7124
5114
2776
608
7672
190
996
2189
4985
2602
6843
2723
2529
421
1974
1429
7690
7143
1994
5831
3347
550
5605
4263
459
1829
2858
4669
1844
3769
6318
5207
3776
4426
7400
3167
361
2759
2298
627
5036
3008
7505
3249
6218
7268
440
4492
6808
7960
6747
2562
2903
322
2690
5226
6494
7217
1903
4542
5806
6472
3019
4314
5013
2067
4117
2605
4387
4848
2423
1813
3300
2389
6366
7367
7950
4668
5150
7184
7599
3328
1562
7468
374
1184
7656
3777
8124
1306
7377
3502
394
6924
1380
2933
7487
3108
2184
5077
4493
5830
5950
4126
4749
7927
8043
1429
5834
5759
8028
2413
2419
425
1650
4976
2871
7870
598
6790
7405
1065
6185
5140
491
4926
458
8181
3306
6291
2743
7020
5812
7875
169
4710
4946
1858
1257
4502
3938
6978
6149
5811
1678
986
7663
3459
5298
3639
4488
1677
354
6843
2190
2930
2312
7005
2613
4133
1241
8019
2198
4337
1126
3036
5794
4844
5811
4633
2156
3676
8028
4238
355
7320
7578
8189
5251
4434
6653
7075
1252
7016
3104
1361
2979
996
4125
4271
4981
391
3168
866
5354
470
4466
6567
6875
4463
4048
6661
1919
8062
6764
3117
5180
7164
2474
5532
997
5469
4598
5126
7611
7890
3605
7738
3070
8159
6270
3680
4281
3231
5370
3491
3262
1062
7681
1311
1567
6312
5440
2093
2980
4389
7956
2591
425
1028
5104
1932
532
8107
5169
4077
3505
1207
6789
5853
435
1163
2764
2115
2694
3557
4226
3149
1777
7497
3348
2062
5837
1058
3608
5876
493
6711
2923
5537
538
481
2182
7851
6652
2140
2563
5922
3910
7648
5276
6055
1280
451
1355
5678
2494
2140
2189
3324
6633
5222
4385
6421
5996
2997
1031
818
3253
7721
2303
2786
113
2608
5207
3908
566
4066
6832
4356
7798
5178
2588
5777
786
431
2389
8190
1748
2490
1757
363
1897
109
7116
80
3427
1182
2712
7183
8058
7785
8153
339
4419
3064
7208
4371
487
6358
693
4480
390
1215
2866
5203
1272
4101
6125
6704
3349
65
7938
7873
7806
445
198
4255
8140
2103
2963
386
5337
2923
163
3728
1587
7505
7357
6633
5066
5481
1589
4773
4582
1793
3936
4135
6309
2275
3444
806
539
4653
2314
1929
918
5986
7112
5521
1646
4179
2171
359
3752
1367
5614
4598
3444
4511
1062
2798
5965
6272
3720
2782
5432
4690
6035
570
3102
8016
3201
4355
343
1733
7517
4161
3758
3
2482
1507
4306
6454
305
829
4142
7256
3216
6350
3426
2424
5153
131
8145
6755
739
4040
5752
4237
7504
3255
2756
2900
1999
43
7106
4365
438
3728
4008
5729
1218
2735
5495
6445
4017
4739
640
133
814
2847
3142
3107
7594
5323
4628
278
3110
5547
3904
3713
7938
4974
3263
4026
6996
4706
2987
3095
5943
793
2235
6528
5109
2863
6444
7625
2294
6064
4858
4466
4318
4380
5169
6842
1437
1221
8108
7245
5065
7052
4399
6648
6515
2595
2181
1900
1144
3725
3237
6388
6568
3565
3845
4202
7554
3365
7810
7866
4855
4048
7130
7519
4845
305
763
3306
639
2073
4268
1283
3560
5101
8049
7521
7760
2425
5769
2670
2403
4365
1940
3656
8138
7583
319
6548
3188
6628
3432
5697
8137
4798
1783
8189
4544
1719
5728
1879
874
2931
2918
4265
7790
6683
2146
2332
6117
6779
5888
6782
8057
7365
734
2421
3279
2297
1167
5607
6506
6133
730
3923
7646
6145
6818
4324
3290
4416
1089
7065
4114
7564
2640
2054
2402
1069
3927
6750
2533
2250
2514
1872
232
7347
1717
4468
758
842
6008
8031
1647
2399
6334
6474
3431
2630
153
4509
7681
7302
3839
483
4589
7882
4097
4513
7766
405
5762
4030
8029
2918
2203
6763
349
1586
1418
6976
1857
7008
2799
7000
7675
7823
5590
4420
2772
6523
5925
2893
899
253
1534
7231
5759
902
2390
8159
3820
5723
6396
7006
5575
5146
4831
6825
4574
3032
6295
8170
1613
5399
4490
6250
1291
3551
5592
4377
7793
7052
7252
3078
405
7422
572
4976
6845
6380
3509
4787
139
757
1254
690
5428
5513
7247
5966
950
4343
146
5194
2635
3468
5336
2041
4191
8124
6565
5109
300
3005
851
5042
2784
1692
3863
7543
3994
7297
3439
7412
2342
2233
1458
7149
1443
4054
3376
2764
6799
3516
6774
4689
4632
6645
204
847
3287
8045
3995
146
1648
6307
999
161
28
5644
3877
7601
1962
5699
7746
7508
1833
6907
3725
6406
4461
5105
1263
1310
7587
5101
6262
1015
6517
4364
5460
3178
2799
128
1041
2320
6951
4292
5131
2998
5851
6333
3382
3736
7665
1394
5624
6903
1156
3264
5340
4197
1238
3461
3778
3522
6164
1096
3846
8145
607
3882
3596
6750
7514
2247
2537
4207
2523
7632
7077
1077
5995
7422
2419
1318
1477
4076
815
5537
5341
2837
2796
4904
6847
892
6263
3419
6237
1157
1551
1855
3977
1271
4107
345
6847
3848
2890
1449
5112
7803
4708
6958
472
1621
4758
7638
5082
1079
5176
6547
7891
5130
2738
275
1652
7987
7004
3821
7909
1521
7738
5695
8179
189
3546
1610
4756
7745
4723
1130
4134
3833
6072
3726
2580
6760
6993
835
4202
7711
7192
1789
117
6725
180
2576
2716
2621
1867
2230
3002
3249
6751
5339
7072
605
4486
3622
1312
3472
6832
2921
7632
4122
5360
968
6969
5778
7109
7790
634
7675
1455
7442
7876
1340
1806
3426
3405
4822
8147
7347
7004
1952
7441
6719
372
2526
7376
6349
3724
7351
6519
6243
7618
7429
6511
549
4591
7693
3877
153
1094
659
1269
6335
4198
7689
152
1637
6455
1767
7043
181
697
2254
2640
4455
1573
4262
3969
6031
5421
1353
3990
6578
8167
8084
265
7345
7661
4295
7538
5838
4296
5535
5726
5889
4975
6376
1071
5889
7162
5559
5461
7718
6717
3742
7510
3953
5209
7498
985
3922
2772
4205
4752
1417
5676
4941
5247
7113
6817
6859
345
5884
6753
6892
7262
2776
7761
2885
2071
8106
4496
2098
54
6495
2055
3465
644
2959
7645
513
4391
5719
4434
325
7693
1738
7295
1790
5143
5699
3826
3156
6707
5818
6813
4642
2825
5854
7139
7803
7557
5390
3299
8154
3249
4267
6464
2682
1392
2198
3579
5561
1143
7581
4625
1016
7544
3970
1520
3322
7252
2629
1061
2684
6688
7082
2851
6945
4568
6779
656
3879
3139
863
3448
3146
4284
736
6794
5579
791
51
3317
6089
8036
5611
6353
4441
7596
257
7920
2548
5334
1448
993
2186
74
5495
6069
3338
5000
701
5797
2338
7800
3898
4677
1895
414
3490
8089
5869
4134
8121
1178
3651
3342
113
390
5932
5843
6548
5298
4726
6479
3596
3410
6627
3903
4472
6495
4064
7197
3783
1977
4118
3212
1073
6556
2093
4091
4919
2534
6301
875
1683
5634
3819
7464
6927
2384
5389
7767
6108
4525
1796
3234
6274
4466
3224
3954
6129
2747
2251
1285
6128
6462
1204
6447
243
7742
7186
5632
6159
7808
1482
5221
5718
4196
711
5421
6202
4762
7675
4344
969
7993
7887
1560
220
1637
7316
3542
757
1370
2299
5981
3437
1577
5776
3458
4378
395
5915
1964
2008
6917
1810
7663
1139
6414
5203
1968
4738
3160
3708
1287
3383
7249
4374
2238
4247
520
3951
1699
7910
6223
3886
7245
5039
4034
4758
1368
1165
4818
2687
5432
4673
6581
4320
5391
7557
5248
6228
465
2997
3168
1893
5303
4126
6515
3359
5341
1386
2953
2265
3114
1174
2003
3023
2959
5974
1932
7709
7074
5264
960
4602
4004
3926
5284
4654
997
2630
160
334
7885
1959
3304
7490
4245
3701
2465
4307
920
1907
5174
1965
6620
7433
1551
6076
2065
963
1110
3751
1777
1640
6642
1969
8034
7036
6159
5090
6330
1566
4118
3475
4530
4758
7456
3164
2592
4004
6272
3575
7328
7943
1884
7068
870
7896
5384
3497
6837
3409
4708
3631
5662
7080
3494
3776
7453
6926
5075
6352
6444
5972
5826
8185
5422
815
5363
353
1661
5537
5529
3596
5654
6680
331
898
4076
5423
416
5666
6964
7976
3771
7208
7440
25
1416
1130
7334
5532
7166
3668
2431
6371
5972
4907
4488
2099
7133
1707
2383
6058
1208
1220
3709
4426
7548
1103
4459
112
1988
5681
5921
7348
7568
6925
418
1346
8102
2011
6652
6345
2181
7575
6152
1509
520
6049
2216
4541
4846
1577
1962
4763
879
291
4315
7325
3029
2203
2101
116
4018
4253
1805
1722
3026
6816
6314
7058
6013
2203
6265
4804
1046
3436
7359
5802
5241
3116
6228
1577
4575
4066
4910
7914
5043
3384
4849
1977
7435
6356
659
6253
5219
2514
451
5130
3030
3771
797
6444
6442
2965
1051
5226
6673
1230
7401
8037
2716
306
635
4756
1878
5409
3387
7229
7072
3190
7571
5597
5674
7177
2172
7269
783
7776
7604
3547
7463
713
7002
7755
4542
5830
1259
2817
5015
7681
748
128
4314
5751
2986
1799
3130
2105
4677
681
2644
2227
3876
1388
6967
4450
891
6242
986
7200
4206
8120
3948
6624
651
1871
3240
4995
5262
403
5056
6736
6709
6285
1860
923
8094
3640
6712
4334
3406
2436
4597
7617
2099
795
244
4648
4777
293
7066
3578
7239
2844
4218
2933
7726
7270
3657
5993
1513
6642
754
1645
8016
2006
1518
6948
3061
4339
5464
1405
890
5093
1741
5034
4656
7356
5574
3188
6859
7821
5823
2627
7197
3748
5500
3251
5563
3796
7078
998
3824
3404
6481
8049
5133
5519
4712
6200
259
5403
6331
6207
1990
4791
5005
6026
4170
941
4534
1670
659
8088
3423
5059
7477
4324
3907
5749
105
5085
7988
3172
1163
1139
6231
2169
2005
1702
5715
1772
2241
2132
5755
2549
1758
3193
4778
782
2664
3813
7577
6826
2812
2050
4182
7515
5953
7903
6575
6108
4887
3406
6857
4888
6310
6063
899
232
1046
5688
1821
5945
994
1603
6820
4269
6931
6802
7393
650
580
3233
338
7119
5066
1931
3990
64
4738
3609
5693
1413
7759
4006
5808
3173
2646
1603
2101
2884
3279
8092
3798
2703
7428
2681
335
842
6259
3146
7382
2487
675
5042
2360
4787
7204
2769
2447
5354
3078
4685
436
5474
3181
5600
7638
6385
6185
5513
1179
5302
1346
2588
1579
3081
513
7666
4065
6570
252
8041
6098
1808
6322
1127
4759
947
3929
5592
5040
7820
2065
5829
5359
5937
4073
4827
5913
1609
1162
1965
7625
3369
2241
1599
3964
830
4965
4162
359
4464
4342
7785
7078
1481
1919
2337
3927
3384
3513
6186
3095
6463
665
2893
202
6545
4535
4197
3004
1585
7247
6668
5357
12
1946
3262
791
4536
6650
3152
5649
1895
4964
5205
427
3694
1428
1657
4288
3787
405
2709
1111
6848
3564
5317
5424
3005
4050
3043
2806
3211
3940
6959
2979
7595
6184
3861
7307
2819
4738
6343
5582
5518
3746
1599
5857
5661
5296
2832
2399
2240
4189
1678
5469
5592
3955
4446
836
3039