257
272
254
330
155
79
336
385
411
220
173
374
94
436
444
405
495
5
392
309
131
206
236
473
255
129
403
153
145
129
306
26
285
403
168
42
46
239
10
335
175
346
357
298
20
266
229
135
181
26
62
463
315
35
444
354
269
444
15
286
415
189
32
320
56
201
476
109
30
12
323
53
297
477
264
28
135
447
353
254
182
16
496
235
50
125
171
208
13
275
117
163
17
83
502
430
451
490
201
31
438
435
346
264
5
39
150
461
114
284
254
20
449
22
370
162
328
406
148
474
176
41
407
42
351
44
11
66
146
246
164
237
297
328
114
428
306
418
111
166
171
390
51
390
61
58
215
496
235
207
84
43
92
158
488
260
470
3
194
226
424
250
174
226
197
291
73
70
267
106
377
466
16
58
346
428
478
379
447
388
59
360
373
252
429
124
9
99
147
355
446
118
274
304
7
139
78
163
503
119
25
103
335
451
463
205
17
195
219
59
244
119
476
431
328
308
437
326
221
21
89
229
191
189
448
509
351
387
376
447
165
418
18
395
136
104
270
355
476
120
172
257
98
499
86
51
371
273
250
155
65
363
83
158
57
218
346
195
359
113
133
273
51
318
284
32
16
6
251
154
235
201
321
160
83
190
302
486
244
100
321
377
326
330
426
206
147
440
291
397
296
358
2
345
213
44
84
58
143
444
58
58
24
294
449
175
269
437
398
64
145
71
268
279
262
100
269
458
292
307
211
414
280
428
166
378
153
31
145
314
230
178
185
408
282
222
458
351
437
41
408
89
445
363
486
86
264
155
271
25
470
265
121
464
21
508
90
498
487
7
113
115
188
246
222
178
485
475
48
428
394
302
351
0
237
490
110
211
55
147
108
466
135
156
94
463
288
32
343
206
498
141
162
480
31
252
287
265
60
163
70
229
113
210
116
453
100
421
288
139
363
103
304
50
272
116
487
306
247
251
115
275
21
397
367
511
306
202
250
308
122
163
154
146
470
56
292
264
105
41
228
289
130
140
444
105
262
149
126
363
120
0
390
165
297
429
140
443
245
467
77
44
136
454
71
429
215
422
79
246
500
288
96
441
269
478
180
165
43
152
378
401
223
272
243
424
460
233
47
375
22
118
16
336
6
89
437
63
201
374
231
395
208
78
261
108
399
470
202
84
146
144